receptor = COX2_4.pdbqt
exhaustiveness  = 8
center_x = 19.6667
center_y = 33.66
center_z = 65.7832
size_x = 74.5935476112
size_y = 134.95486145
size_z = 148.765268421